structure(list(params = structure(list(n_iters = 200, n_max_iters = 10, 
    optimize_hyperparameters = TRUE, n_hyper_iters = 20, n_burn_in = 50, 
    symmetric_alpha = FALSE, threads = 4L, seed = NULL, initial_alpha_sum = 5, 
    initial_beta = 0.01, final_ll = -1212543.92662708), .Names = c("n_iters", 
"n_max_iters", "optimize_hyperparameters", "n_hyper_iters", "n_burn_in", 
"symmetric_alpha", "threads", "seed", "initial_alpha_sum", "initial_beta", 
"final_ll")), hyper = structure(list(alpha = c(0.448774297616562, 
0.551311266057257, 1.75513403235056, 0.431425305982889, 0.469008622974851, 
0.431081743469378, 0.758228446771348, 0.707105308757576, 0.714090170963746, 
0.449738042380618, 0.384861621720266, 0.588483994861548, 0.68358835924768, 
0.439020186475866, 0.609837958248047, 0.60972824251888, 0.97381912216157, 
0.556845516172664, 0.473262455731906, 0.60377699611227, 0.975522793690061, 
0.580000551840599, 0.719722583336122, 0.631196703034491, 0.8893747401335, 
0.675050232909108, 0.405196662062506, 0.567253087827509, 0.656071215610035, 
0.934216846350319, 0.483614046594002, 0.777421781500001, 0.672566228002025, 
0.60164889249786, 0.641138920958537, 0.714910927077585, 0.894221376464037, 
1.38247700207703, 0.767942302735766, 1.70206735847982), beta = 0.018382066947201), .Names = c("alpha", 
"beta"))), .Names = c("params", "hyper"))
